LCD no features
[14546, 14883, 15462, 15593, 15714, 17281, 17298, 18830, 20427, 21148, 22288, 23124, 23502, 24278, 26539, 27154, 27275]
Motion no features
[15475, 15481, 16533, 17817, 17945, 18112, 18342, 18738, 19135, 20444, 21612, 22504, 22824, 24366, 25791, 26027, 26720, 26770, 27031, 27292]
Peripherals no features
[15463, 17285, 17814, 18504, 18808, 19436, 19856, 21212, 21811, 21855, 22304, 22557, 22682, 22789]
STM32 no features
[14388, 14807, 14810, 15645, 16217, 16404, 16538, 16562, 17056, 17865, 17937, 19905, 19963, 20544, 21590, 22537]
Calibration no features
[14380, 14391, 14882, 15525, 16872, 17195, 17273, 18695, 20537, 21237, 21899, 22657, 22975, 23050, 23704, 23987, 26255, 26762]
Improvement no features
[14313, 14730, 15069, 15252, 15285, 15333, 15796, 17273, 17818, 18680, 18912, 19817, 20079, 20148, 24953, 26501]
